1752243117740 0.02 1
1752243118389 0.03 2
1752243118998 0.05 3
1752243119598 0.06 4
1752243120198 0.08 5
1752243120799 0.1 6
1752243121400 0.11 7
1752243121994 0.13 8
1752243122588 0.14 9
1752243123197 0.16 10
1752243123222 0.16 10
1752243123829 0.17 11
1752243124437 0.19 12
1752243125039 0.21 13
1752243125647 0.22 14
1752243126249 0.24 15
1752243126842 0.25 16
1752243127445 0.27 17
1752243128063 0.29 18
1752243128671 0.3 19
1752243129280 0.32 20
1752243129305 0.32 20
1752243129915 0.33 21
1752243130523 0.35 22
1752243131117 0.37 23
1752243131716 0.38 24
1752243132317 0.4 25
1752243132910 0.41 26
1752243133529 0.43 27
1752243134124 0.44 28
1752243134735 0.46 29
1752243135330 0.48 30
1752243135354 0.48 30
1752243135955 0.49 31
1752243136564 0.51 32
1752243137192 0.52 33
1752243137786 0.54 34
1752243138410 0.56 35
1752243139020 0.57 36
1752243139621 0.59 37
1752243140228 0.6 38
1752243140822 0.62 39
1752243141430 0.63 40
1752243141454 0.63 40
1752243142047 0.65 41
1752243142648 0.67 42
1752243143241 0.68 43
1752243143831 0.7 44
1752243144442 0.71 45
1752243145043 0.73 46
1752243145639 0.75 47
1752243146243 0.76 48
1752243146846 0.78 49
1752243147449 0.79 50
1752243147473 0.79 50
1752243148081 0.81 51
1752243148684 0.83 52
1752243149293 0.84 53
1752243149904 0.86 54
1752243150523 0.87 55
1752243151120 0.89 56
1752243151717 0.9 57
1752243152318 0.92 58
1752243152911 0.94 59
1752243153506 0.95 60
1752243153530 0.95 60
1752243154130 0.97 61
1752243154740 0.98 62
1752243155337 1.0 63
1752243155932 1.02 64
1752243156523 1.03 65
1752243157118 1.05 66
1752243157715 1.06 67
1752243158324 1.08 68
