1752243117740 5.1439337730407715 1
1752243118389 5.49851131439209 2
1752243118998 5.616368770599365 3
1752243119598 5.616368770599365 4
1752243120198 5.616368770599365 5
1752243120799 5.616368770599365 6
1752243121400 5.616368770599365 7
1752243121994 5.616368770599365 8
1752243122588 5.616368770599365 9
1752243123222 5.616368770599365 10
1752243123829 5.61646032333374 11
1752243124437 5.6164679527282715 12
1752243125039 5.6164679527282715 13
1752243125647 5.616490840911865 14
1752243126249 5.616490840911865 15
1752243126842 5.616490840911865 16
1752243127445 5.616490840911865 17
1752243128063 5.735334396362305 18
1752243128671 5.735334396362305 19
1752243129305 5.735334396362305 20
1752243129915 5.735334396362305 21
1752243130523 5.735334396362305 22
1752243131117 5.735334396362305 23
1752243131716 5.735334396362305 24
1752243132317 5.735334396362305 25
1752243132910 5.735334396362305 26
1752243133529 5.735441207885742 27
1752243134124 5.735441207885742 28
1752243134735 5.735441207885742 29
1752243135354 5.735441207885742 30
1752243135955 5.735441207885742 31
1752243136564 5.735441207885742 32
1752243137192 5.854284286499023 33
1752243137786 5.854284286499023 34
1752243138410 5.854284286499023 35
1752243139020 5.854284286499023 36
1752243139621 5.854284286499023 37
1752243140228 5.854284286499023 38
1752243140822 5.854284286499023 39
1752243141454 5.854284286499023 40
1752243142047 5.854284286499023 41
1752243142648 5.854284286499023 42
1752243143241 5.854284286499023 43
1752243143831 5.854284286499023 44
1752243144442 5.854284286499023 45
1752243145043 5.854284286499023 46
1752243145639 5.854284286499023 47
1752243146243 5.854284286499023 48
1752243146846 5.854284286499023 49
1752243147473 5.854284286499023 50
1752243148081 5.854284286499023 51
1752243148684 5.854284286499023 52
1752243149293 5.854284286499023 53
1752243149904 5.854284286499023 54
1752243150523 5.854284286499023 55
1752243151120 5.854284286499023 56
1752243151717 5.854284286499023 57
1752243152318 5.854284286499023 58
1752243152911 5.854284286499023 59
1752243153530 5.854284286499023 60
1752243154130 5.854284286499023 61
1752243154740 5.854284286499023 62
1752243155337 5.854284286499023 63
1752243155932 5.854284286499023 64
1752243156523 5.854284286499023 65
1752243157118 5.854284286499023 66
1752243157715 5.854284286499023 67
1752243158324 5.854284286499023 68
