1752243117740 1156.1791896820068 1
1752243118389 622.3142147064209 2
1752243118998 585.4148864746094 3
1752243119598 576.4453411102295 4
1752243120198 576.8907070159912 5
1752243120799 577.1529674530029 6
1752243121400 576.3094425201416 7
1752243121994 569.2996978759766 8
1752243122588 569.2644119262695 9
1752243123222 609.1427803039551 10
1752243123829 583.7414264678955 11
1752243124437 583.5216045379639 12
1752243125039 576.7319202423096 13
1752243125647 583.148717880249 14
1752243126249 576.9627094268799 15
1752243126842 568.7527656555176 16
1752243127445 576.5643119812012 17
1752243128063 593.7008857727051 18
1752243128671 583.2650661468506 19
1752243129305 608.4702014923096 20
1752243129915 586.0087871551514 21
1752243130523 583.2011699676514 22
1752243131117 569.2622661590576 23
1752243131716 572.4034309387207 24
1752243132317 576.246976852417 25
1752243132910 568.2957172393799 26
1752243133529 594.5172309875488 27
1752243134124 569.5981979370117 28
1752243134735 585.5395793914795 29
1752243135354 593.9602851867676 30
1752243135955 576.5409469604492 31
1752243136564 583.6939811706543 32
1752243137192 602.576494216919 33
1752243137786 568.2241916656494 34
1752243138410 598.7420082092285 35
1752243139020 583.1997394561768 36
1752243139621 575.8199691772461 37
1752243140228 582.8218460083008 38
1752243140822 568.5768127441406 39
1752243141454 607.213020324707 40
1752243142047 568.7775611877441 41
1752243142648 575.4454135894775 42
1752243143241 568.5546398162842 43
1752243143831 564.6846294403076 44
1752243144442 583.4805965423584 45
1752243145043 576.0738849639893 46
1752243145639 569.9219703674316 47
1752243146243 576.6942501068115 48
1752243146846 576.483964920044 49
1752243147473 601.0675430297852 50
1752243148081 584.0332508087158 51
1752243148684 577.4881839752197 52
1752243149293 583.0545425415039 53
1752243149904 583.7392807006836 54
1752243150523 593.5583114624023 55
1752243151120 571.0227489471436 56
1752243151717 570.2521800994873 57
1752243152318 576.0364532470703 58
1752243152911 568.5594081878662 59
1752243153530 592.9679870605469 60
1752243154130 576.2975215911865 61
1752243154740 583.3027362823486 62
1752243155337 570.4891681671143 63
1752243155932 568.7854290008545 64
1752243156523 565.9492015838623 65
1752243157118 568.8133239746094 66
1752243157715 569.9453353881836 67
1752243158324 583.0593109130859 68
